1531612829576,0.7,0.3
1531612848091,1,-0.2
1531612875549,0.6,0.3
1531612946740,0.9,-0.9
1531612950030,0.4,0.4
1531612982888,0.4,0.2
1531613013595,0.9,-0.9
1531613068160,0.1,-0.1
1531613096664,0.1,0.1
1531613189977,0.8,0.4
1531613248602,0.7,0.3
1531613252879,0.3,0.1
1531613259191,0.2,0.1
1531613266685,0.2,0.1
1531613299311,0.2,-0.1
1531613303170,1,0.3
1531613338525,0.8,0.8
1531613357148,0.1,0.1
1531613365772,0.5,-0.1
1531613388663,0.6,0.3
1531613444886,1.7,0.2
1531613552950,0.3,0.3
1531613562424,0.2,0.1
1531613593490,0.1,-0.1
1531613607360,0.5,0.2
1531613629583,0.5,-0.1
1531613658104,0.4,0.2
1531613765014,0.9,-0.9
1531613859275,0.5,-0.1
1531614003106,0.5,0.2
1531614033790,0.6,-0.1
1531614053748,0.6,-0.2
1531614073365,0.5,-0.1
1531614102351,0.2,0.1
1531614175448,0.5,-0.5
1531614183735,0.6,0.1
1531614189559,0.1,-0.1
1531614210531,0.5,-0.1
1531614306274,0.2,-0.1
1531614381084,0.5,0.1
1531614414803,0.9,-0.2
1531614470935,1.8,0.6
1531614556669,0.6,-0.2
1531614561061,0.9,-0.2
1531614569197,0.3,0.1
1531614656742,0.8,-0.2
1531614758610,0.4,0.2
1531614762614,0.4,-0.4
1531614817445,0.5,0.1
1531614868532,0.2,0.1
1531614926447,0.5,0.1
1531614991560,0.5,-0.1
1531615031875,0.5,0.1
1531615039785,0.2,-0.1
1531615053652,0.3,0.3
1531615074280,0.5,0.1
1531615077457,0.2,0.1
1531615113803,0.5,0.2
1531615134399,0.3,0.3
1531615143444,0.4,0.2
1531615146683,1.5,0.5
1531615188725,0.2,0.1
1531615196297,0.8,-0.2
1531615218400,0.2,-0.1
1531615219940,0.5,-0.1
1531615339035,1.1,-0.2
1531615363665,0.6,-0.2
1531615372033,0.5,-0.1
1531615439929,0.9,-0.9
1531615567420,0.5,-0.5
1531615568247,0.2,0.1
1531615571480,1.5,-0.4
1531615577736,0.2,0.1
1531615592048,0.2,0.1
1531615604431,0.1,-0.1
1531615612530,0.2,-0.2
1531615613148,0.2,0.1
1531615627319,0.6,-0.6
1531615631194,0.5,0.1
1531615663014,0.2,0.1
1531615680294,0.2,0.1
1531615716545,0.5,-0.2
1531615767534,0.3,-0.3
1531615783010,0.2,0.2
1531615821485,0.2,-0.2
1531615888143,0.3,-0.3
1531615905688,1,-0.1
1531615916583,0.5,-0.5
1531615941556,0.2,-0.2
1531615953595,0.4,-0.1
1531615964717,0.2,0.1
1531615988414,0.6,-0.1
1531615988504,0.5,0.1
1531615994099,0.2,-0.2
1531616009217,0.3,0.1
1531616029928,0.1,0.1
1531616038364,0.7,-0.1
1531616043211,0.3,0.1
1531616045929,0.9,0.9
1531616055588,0.7,-0.7
1531616067948,0.8,0.4
1531616075333,1.2,0.6
1531616097108,1.1,-0.1
1531616100670,0.5,0.1
1531616141098,1,-0.5
1531616156462,1.3,0.2
1531616242416,0.6,0.3
1531616345129,0.9,0.9
1531616371407,0.3,0.1
1531616371756,0.6,0.3
1531616407506,0.6,-0.3
1531616413735,0.6,0.3
1531616415961,0.4,0.1
1531616462825,0.4,-0.4
1531616478946,0.4,-0.4
1531616487816,0.9,-0.9
1531616508889,0.6,0.6
1531616524104,1.8,0.6
1531616536610,0.3,-0.3
1531616555756,1,-0.2
1531616583694,0.7,-0.2
1531616586800,0.5,0.5
1531616590005,0.7,-0.7
1531616600229,0.9,-0.4
1531616601731,0.8,0.2
1531616611684,1.6,-0.8
1531616614708,0.8,0.8
1531616617445,1.4,0.4
1531616622310,0.6,-0.2
1531616639262,0.8,0.8
1531616640685,0.9,-0.9
1531616682860,0.9,-0.4
1531616683465,0.5,-0.5
1531616684733,0.4,0.4
1531616688654,0.9,0.3
1531616711700,1.4,0.4
1531616716945,0.1,-0.1
1531616717574,0.1,0.1
1531616723885,1.2,0.1
1531616728274,0.2,0.1
1531616736378,0.4,0.4
1531616753154,0.2,0.2
1531616753469,0.1,-0.1
1531616761918,0.7,-0.7
1531616766334,0.3,-0.3
1531616767501,0.5,-0.1
1531616772927,0.3,-0.3
1531616776384,0.2,0.1
1531616783401,0.7,-0.7
1531616788256,0.5,-0.5
1531616811364,0.1,-0.1
1531616812777,0.9,0.3
1531616825049,0.6,-0.2
1531616833268,0.5,-0.5
1531616837200,0.2,0.1
1531616838016,1.4,0.4
1531616849255,0.9,0.3
1531616891849,0.3,0.1
1531616896503,0.6,-0.2
1531616905699,0.8,0.8
1531616908245,0.9,-0.4
1531616912807,0.6,-0.2
1531616916468,0.9,-0.9
1531616924314,0.2,0.2
1531616924918,1.6,0.1
1531616933669,0.6,-0.2
1531616934059,0.7,-0.2
1531616958472,0.8,-0.8
1531616963052,0.2,0.1
1531616963583,0.6,-0.3
1531616966760,0.7,-0.2
1531616968389,0.6,-0.2
1531616979463,1.4,0.4
1531617017427,0.7,-0.2
1531617025356,0.9,0.9
1531617043041,0.4,0.1
1531617047023,0.2,0.1
1531617061771,0.2,0.1
1531617091101,0.6,-0.2
1531617101185,0.5,0.1
1531617134487,0.7,-0.7
1531617150877,0.8,0.8
1531617180274,0.6,-0.2
1531617188011,0.3,-0.1
1531617198266,0.6,-0.2
1531617248299,0.3,-0.1
1531617270697,1.1,0.5
1531617328618,1.1,0.3
1531617332900,0.9,-0.3
1531617358193,0.1,-0.1
1531617367540,0.3,-0.1
1531617420292,0.3,-0.3
1531617479918,0.6,0.1
1531617528533,0.1,-0.1
1531617536337,0.9,-0.3
1531617536718,0.9,0.9
1531617544991,0.2,-0.1
1531617597403,0.8,0.8
1531617623048,1.1,-0.2
1531617626261,0.2,0.1
1531617627650,0.1,0.1
1531617631116,0.2,-0.2
1531617686090,0.2,0.1
1531617696743,1.3,-0.1
1531617737561,0.6,0.3
1531617772559,0.6,-0.3
1531617829503,0.5,-0.1
1531617846577,0.5,0.1
1531617848369,0.6,0.3
1531617866460,0.7,-0.7
1531617892338,0.6,-0.2
1531617895932,0.7,-0.2
1531617913451,0.5,-0.1
1531617913792,0.6,-0.2
1531617929811,0.2,0.2
1531617948041,0.4,-0.1
1531617949313,0.8,-0.8
1531617957576,0.3,0.1
1531617974299,1,0.5
1531618007525,0.5,0.1
1531618110942,0.2,-0.2
1531618158472,0.6,-0.2
1531618175197,0.2,-0.1
1531618181036,0.4,0.1
1531618185416,0.1,-0.1
1531618241651,0.8,-0.3
1531618250032,1.2,-0.4
1531618344318,0.6,-0.2
1531618380278,0.8,0.8
1531618397221,0.2,-0.2
1531618400460,0.5,-0.1
1531618431290,0.5,0.2
1531618467105,0.2,-0.1
1531618474828,0.5,-0.1
1531618485632,0.6,-0.1
1531618563529,0.5,-0.1
1531618644416,0.6,0.3
1531618676124,0.3,0.1
1531618684404,0.3,0.1
1531618689944,0.2,-0.2
1531618690320,0.4,0.2
1531618698780,0.1,0.1
1531618723859,0.7,-0.2
1531618729642,0.9,-0.9
1531618739372,0.3,0.1
1531618750713,0.3,0.1
1531618753890,0.3,0.1
1531618764162,0.4,0.1
1531618773091,0.3,-0.3
1531618782037,0.3,0.1
1531618792398,0.3,0.1
1531618805081,0.2,-0.1
1531618811361,0.7,-0.7
1531618815375,0.5,0.2
1531618819512,0.7,-0.2
1531618822184,0.3,-0.1
1531618830461,0.3,0.1
1531618832790,1,0.1
1531618833610,0.6,0.3
1531618856271,0.4,0.4
1531618868501,0.2,0.1
1531618878474,0.3,0.1
1531618888729,0.8,0.4
1531618911153,0.3,0.1
1531618913775,0.3,0.1
1531618923220,0.2,0.1
1531618942364,0.1,-0.1
1531618943925,0.3,0.1
1531618950152,0.1,0.1
1531618968849,0.1,0.1
1531618979635,0.7,0.3
1531619043686,0.4,-0.1
1531619066782,0.4,-0.1
1531619078804,1.6,-0.4
1531619093971,2.1,-0.4
1531619101910,0.4,0.4
1531619136698,1.1,-0.3
1531619142386,0.4,-0.1
1531619144383,0.4,0.4
1531619145832,0.6,-0.2
1531619157261,0.9,-0.4
1531619204882,0.9,-0.3
1531619208565,0.8,0.4
1531619220697,0.7,-0.2
1531619267281,0.8,0.8
1531619281507,0.1,0.1
1531619353115,0.9,-0.1
1531619372374,0.8,0.8
1531619413756,0.5,0.2
1531619415241,0.7,-0.2
1531619430878,1.8,0.9
1531619447925,0.1,0.1
1531619452803,1.1,-0.3
1531619457664,0.6,0.3
1531619479453,0.5,0.2
1531619490251,0.6,0.6
1531619508875,1.1,-0.3
1531619523185,0.7,-0.3
1531619554937,0.5,0.5
1531619558266,0.8,0.1
1531619587781,0.2,0.2
1531619608069,0.1,-0.1
1531619612875,0.3,0.1
1531619614184,0.2,-0.2
1531619628289,0.5,-0.1
1531619646058,0.1,-0.1
1531619655350,0.6,-0.2
1531619663212,1.4,0.1
1531619669531,1.3,0.1
1531619725492,0.1,-0.1
1531619729624,1.1,0.1
1531619737978,0.2,0.2
1531619854538,0.6,0.2
1531619902084,0.2,-0.2
1531619914117,1.6,-0.4
1531619916981,0.2,0.1
1531619940595,0.5,0.1
1531619950681,0.5,0.1
1531619975714,1.3,0.1
1531619978827,0.5,0.1
1531620005104,0.8,0.2
1531620015982,0.1,0.1
1531620021912,0.3,-0.3
1531620028626,0.1,0.1
1531620032335,0.8,0.4
1531620052292,0.7,0.7
1531620057929,0.8,-0.2
1531620066016,0.5,0.5
1531620069065,0.2,0.1
1531620071186,0.4,-0.4
1531620072651,0.4,0.2
1531620073516,0.6,0.2
1531620084269,0.5,-0.1
1531620086555,0.1,0.1
1531620097836,1.1,-0.1
1531620102141,0.8,0.8
1531620102292,0.6,-0.6
1531620112102,0.5,0.5
1531620121128,0.9,0.9
1531620121598,0.1,-0.1
1531620121976,0.9,0.9
1531620122782,0.9,-0.3
1531620122950,1,0.3
1531620125487,0.2,0.2
1531620129352,0.8,0.8
1531620144546,0.2,0.1
1531620152070,1.3,0.1
1531620161482,0.1,-0.1
1531620162244,0.8,0.8
1531620172924,1,0.2
1531620177014,0.7,0.7
1531620177174,0.5,0.5
1531620179376,0.4,0.1
1531620187266,0.3,0.1
1531620189459,0.3,0.1
1531620193590,0.3,0.1
1531620194384,0.3,0.1
1531620194884,0.3,0.1
1531620197734,0.3,0.1
1531620198085,0.3,0.1
1531620201065,0.9,0.9
1531620202493,0.3,0.1
1531620202578,0.3,0.1
1531620207564,0.3,0.1
1531620208635,0.3,0.1
1531620213348,0.3,0.1
1531620216796,0.3,0.1
1531620219364,0.3,0.1
1531620225551,0.3,0.1
1531620235667,0.3,0.1
1531620240365,0.2,-0.2
1531620260132,0.3,0.1
1531620261257,0.3,0.1
1531620261925,0.4,0.2
1531620264693,0.3,0.1
1531620267206,0.3,0.1
1531620270948,0.9,-0.3
1531620290408,0.3,0.1
1531620291223,0.7,0.3
1531620293765,0.1,0.1
1531620294691,0.3,0.1
1531620298568,0.3,0.1
1531620309373,0.3,0.1
1531620318565,0.4,-0.4
1531620322909,0.7,0.7
1531620325596,0.3,0.1
1531620340032,0.3,0.1
1531620345769,0.3,0.1
1531620355423,0.9,0.9
1531620359081,1,0.5
1531620382842,0.1,-0.1
1531620387176,0.3,0.1
1531620391881,0.3,0.1
1531620393214,0.4,0.1
1531620403255,0.3,0.1
1531620414735,0.3,0.1
1531620418416,1.2,0.4
1531620426146,0.3,0.1
1531620451700,0.9,-0.3
1531620463805,0.7,0.2
1531620466116,0.3,0.1
1531620480294,0.3,0.3
1531620488131,0.4,0.4
1531620503775,0.3,0.1
1531620507384,0.3,0.1
1531620509949,0.4,-0.4
1531620510863,0.3,0.1
1531620512945,0.8,-0.1
1531620515332,0.7,0.2
1531620515682,1,-0.4
1531620521831,0.8,0.8
1531620531104,0.1,-0.1
1531620536428,0.1,-0.1
1531620538285,0.5,0.1
1531620538383,1.9,0.6
1531620541058,0.5,-0.1
1531620544743,0.3,0.1
1531620555273,0.3,0.1
1531620559628,0.1,0.1
1531620561970,1.3,0.1
1531620566759,0.7,0.2
1531620572679,0.6,0.3
1531620574249,0.6,0.1
1531620574458,0.6,0.2
1531620576770,1,0.3
1531620585010,0.6,0.2
1531620587102,0.6,0.2
1531620595661,0.4,0.2
1531620612971,0.3,0.3
1531620616034,0.7,-0.1
1531620616536,0.6,0.2
1531620625644,0.8,0.8
1531620630796,0.3,0.1
1531620632212,0.2,0.2
1531620634753,0.4,-0.4
1531620647580,0.6,0.2
1531620654894,1.1,-0.3
1531620665161,1.6,0.5
1531620679800,0.2,0.1
1531620688010,0.1,-0.1
1531620689237,0.6,0.2
1531620714536,0.6,0.2
1531620717049,1.1,0.3
1531620719546,1.1,0.5
1531620719177,1.1,0.2
1531620740609,0.5,0.2
1531620741429,0.4,0.2
1531620743163,0.8,0.8
1531620743165,0.3,0.1
1531620748359,0.3,0.1
1531620759490,0.7,-0.2
1531620775917,0.2,0.2
1531620782439,0.8,0.8
1531620784595,0.4,-0.4
1531620793003,1.1,0.2
1531620797731,0.4,0.1
1531620798384,0.7,-0.2
1531620806144,0.7,0.7
1531620809936,0.5,-0.5
1531620820790,0.6,-0.6
1531620823611,1.1,0.2
1531620826025,0.2,-0.1
1531620827867,1,0.5
1531620841372,0.9,0.9
1531620847685,0.6,0.2
1531620852307,0.8,0.8
1531620862874,0.7,-0.2
1531620912229,0.3,0.1
1531620940549,1.6,0.8
1531620942953,1,0.3
1531620975817,1.1,0.2
1531620986037,0.9,0.9
1531620992145,0.8,-0.8
1531621044549,0.6,-0.2
1531621071588,0.2,0.2
1531621112278,0.4,0.4
1531621146176,1.1,0.2
1531621167426,1.1,0.2
1531621171194,1.1,0.2
1531621177299,0.3,0.1
1531621203566,0.7,-0.2
1531621215864,0.3,0.1
1531621227685,1.7,0.8
1531621232899,0.3,0.1
1531621291435,0.8,0.8
1531621317235,0.2,-0.2
1531621336661,1.3,0.1
1531621350759,0.5,0.1
1531621368497,0.3,0.1
1531621373565,0.3,0.1
1531621396916,1.6,0.5
1531621422791,0.3,0.1
1531621439072,1.7,0.8
1531621449210,0.6,0.2
1531621455492,0.3,0.3
1531621472821,0.9,0.9
1531621474827,0.3,0.1
1531621488710,0.6,-0.6
1531621545456,0.3,0.1
1531621551951,1.5,0.3
1531621564689,0.3,0.1
1531621571268,1.1,0.2
1531621573359,0.3,0.1
1531621582503,1.7,-0.1
1531621639917,0.7,-0.2
1531621651166,0.6,0.6
1531621669147,2.4,-0.2
1531621671506,0.3,0.1
1531621720073,1.1,0.2
1531621729936,1.1,0.2
1531621790170,0.3,0.1
1531621801909,1.3,0.1
1531621831820,0.3,-0.3
1531621843104,0.9,-0.3
1531621882325,1.1,0.5
1531621895731,0.2,0.1
1531621911784,0.3,0.1
1531621923111,0.3,0.3
1531621939039,0.1,0.1
1531621940417,0.3,0.1
1531621946220,0.9,-0.2
1531621978137,0.7,-0.7
1531622007491,0.1,0.1
1531622031491,0.3,0.3
1531622055817,0.2,0.1
1531622078119,0.3,0.1
1531622103576,1.3,0.4
1531622104373,2.3,-0.2
1531622165701,0.2,-0.2
1531622168878,1.1,0.2
1531622177792,2.3,-0.2
1531622189212,1,0.2
1531622194098,0.1,-0.1
1531622270534,0.3,-0.3
1531622324440,0.8,0.2
1531622328960,1.1,0.2
1531622351416,0.3,-0.3
1531622367254,0.6,-0.2
1531622382123,0.3,-0.3
1531622395789,0.4,-0.4
1531622399792,0.7,0.7
1531622402295,0.6,0.3
1531622415488,0.3,0.3
1531622416775,0.6,0.2
1531622430996,0.9,0.2
1531622435649,0.3,-0.3
1531622438414,0.9,-0.9
1531622438780,0.4,0.2
1531622448376,0.9,0.4
1531622452733,1.3,0.1
1531622459534,0.7,0.7
1531622476542,0.9,0.2
1531622480163,0.3,0.1
1531622495714,0.9,0.2
1531622533617,0.3,-0.3
1531622561254,0.2,0.1
1531622609945,0.3,0.1
1531622642540,0.1,-0.1
1531622682088,0.6,0.3
1531622703407,0.1,0.1
1531622716901,1.1,0.2
1531622719979,0.1,-0.1
1531622731165,1.1,0.2
1531622756304,1.1,0.3
1531622758985,0.3,0.1
1531622779759,0.6,-0.2
1531622785883,1.1,0.2
1531622806960,0.9,0.3
1531622818515,0.1,0.1
1531622858624,0.3,-0.3
1531622887135,1.1,0.2
1531622899657,0.3,0.1
1531622902119,0.3,-0.3
1531622914955,0.2,0.2
1531622923417,0.5,-0.2
1531622979488,0.3,-0.3
1531623006951,0.3,-0.3
1531623025012,0.6,0.2
1531623047192,0.5,-0.2
1531623053697,0.3,-0.3
1531623100028,0.3,0.1
1531623104106,1.2,-0.2
1531623107486,0.1,-0.1
1531623108377,0.4,0.1
1531623140922,0.3,-0.3
1531623220710,0.5,0.2
1531623262901,1,0.5
1531623269714,0.3,0.1
1531623277249,0.1,0.1
1531623303290,0.3,-0.3
1531623310872,0.1,-0.1
1531623315427,1.1,0.2
1531623439901,0.9,-0.9
1531623474840,0.3,-0.3
1531623477908,1.1,0.2
1531623481342,0.9,-0.9
1531623488631,0.9,0.2
1531623565531,1.1,-0.2
1531623604161,0.3,-0.3
1531623614078,0.9,0.2
1531623751984,0.2,-0.1
1531623773388,0.3,-0.3
1531623831717,1.1,0.2
1531623835106,0.2,-0.1
1531623836089,0.3,0.1
1531623909106,0.7,0.3
1531624041071,0.1,0.1
1531624179142,0.9,0.2
1531624182377,0.3,0.3
1531624201400,0.6,-0.6
1531624256493,1,0.1
1531624271890,0.3,-0.3
1531624282337,0.6,0.6
1531624294684,0.4,0.4
1531624312694,0.3,0.1
1531624318222,0.3,0.1
1531624342922,0.4,0.4
1531624371110,0.6,0.6
1531624384228,0.9,0.4
1531624392657,0.4,0.4
1531624406321,0.4,0.4
1531624428365,0.4,0.4
1531624467093,0.7,0.7
1531624491036,0.4,0.2
1531624522260,0.2,0.1
1531624542950,0.5,-0.2
1531624588231,0.6,-0.2
1531624719612,0.4,-0.1
1531624759069,0.4,-0.1
1531624819571,0.4,0.4
1531624850013,0.3,0.3
1531624954444,1.2,-0.1
1531624965097,0.6,0.1
1531624969551,0.6,0.1
1531624989431,0.6,0.1
1531624991265,0.6,0.1
1531625050901,0.8,0.4
1531625060664,1.1,0.2
1531625060677,0.8,0.8
1531625131053,1.1,0.5
1531625143328,0.6,0.1
1531625178644,1.1,0.2
1531625249125,0.9,-0.9
1531625275087,0.6,0.1
1531625282175,0.6,0.1
1531625304578,1.1,0.2
1531625310951,0.6,0.1
1531625322044,0.2,0.2
1531625363299,0.2,0.1
1531625373473,0.1,-0.1
1531625395846,0.6,0.1
1531625400262,0.2,0.1
1531625417628,1.3,0.1
1531625428992,0.6,0.1
1531625464634,0.3,0.1
1531625465447,0.9,-0.9
